1355
I||
JJ|23|;1,5,4
JJ|232|1,4;2,5,3
LL|113|4;1,3,5,2
LL|142|1;4
OO|51|0;1,5
OO|204|1;0,5
JIJ|23,23|;;1,5,4
JIJ|232,232|1,4;;2,5,3
JJO|46,51|1;2,5;1,5
JJO|785,51|2;1,3,5,2;1,5
JJO|2188,204|1,3;4;0,5
JJS|232,57|1,4;2,5,3,2;4
JJS|785,57|2;1,2,5,2;4
JJS|2188,156|1,3;;1,5,4
JJZ|785,2973|2;1,3,5;1,2,4
JJZ|2188,2973|1,3;2,0;1,2,4
JLO|116,204|4;1,3,5;0,5
JLO|785,51|2;1,2,5,2;1,5
JLO|785,153|2;3,5,1,5;
JLO|2188,153|1,3;2;
JLO|2188,204|1,3;;0,5
JLS|785,57|2;1,2,5,3,5;4
JLT|2188,141|1,3;4;4
JLZ|23,201|;1,5,3;1,4
JOJ|46,3310|1;1,5;2,0,5
JOJ|2188,139|1,3;0,5;4
JOL|785,887|2;1,5,0;3,1,5
JSL|2188,142|1,3;4;4
JTL|2188,142|1,3;4;4
JTT|23,141|;1,5,3;4
JZJ|2188,3310|1,3;2;2,0,5
JZL|23,887|;;3,1,5
LIL|113,113|4;;1,3,5,2
LIL|142,142|1;;4
LJO|226,51|1,4;2,5;1,5
LJO|275,51|2;1,5;1,5
LJO|275,153|2;1,5,3;
LJO|3208,153|1,3;2,5,0,5;
LJO|3208,204|1,3;3,5,3;0,5
LJS|142,57|1;2;4
LJT|275,27|2;1,5,4;1,5,4
LJZ|3208,201|1,3;3,5,2,5;1,4
LLO|71,204|;1,3,5;0,5
LLO|275,51|2;4,5;1,5
LLO|3208,204|1,3;2,5,3;0,5
LLS|275,3483|2;1,5,3,1;3,4
LLS|3208,3483|1,3;2,5;3,4
LLZ|113,201|4;1,3,5,2,3;1,4
LLZ|275,147|2;1,5;4
LLZ|3208,201|1,3;2,5,2;1,4
LOJ|3208,3310|1,3;0,5,1;2,0,5
LOL|71,887|;0,5;3,1,5
LOL|275,29|2;1,5;4,5
LSJ|142,3310|1;1;2,0,5
LSL|275,887|2;2,5;3,1,5
LTJ|275,23|2;1,5,4;1,5,4
LTT|142,27|1;2;1,5,4
LZJ|275,23|2;1,5,4;1,5,4
OIO|51,51|0;;1,5
OIO|204,204|1;;0,5
OJJ|51,139|0;1,3,5;4
OJL|102,887|;2,5;3,1,5
OLJ|102,3310|;1,3,5;2,0,5
OLL|204,29|1;2,5;4,5
OTJ|51,139|0;3,1,5;4
OTL|204,29|1;2,0,5;4,5
STJ|198,23|1;2,0,5;1,5,4
TJT|2248,141|1,3;2,5,0,3;4
TLT|305,27|2;1,5,3,5,1,2;1,5,4
TOJ|2248,139|1,3;0,5;4
TOL|305,29|2;1,5;4,5
TSJ|305,23|2;2,5,2;1,5,4
TSJ|2248,232|1,3;4;2,5,3
TTJ|78,23|1;2,0,5;1,5,4
TTJ|305,23|2;1,5,3,1,5,2;1,5,4
TTJ|2248,232|1,3;4;2,5,3
TTL|39,142|;3,1,5;4
TTL|305,113|2;1,5,4;1,3,5,2
TTL|2248,142|1,3;2,0,5,3;4
TTO|305,153|2;1,5,3,1,5;
TTO|2248,153|1,3;2,0,5;
TZL|305,113|2;4;1,3,5,2
TZL|2248,142|1,3;3,5,3;4
ZTL|54,142|;3,1,5;4
IIII|4369,13107,30583|3;3,5;2,5;2,5
IIII|4369,13107,48059|3;3,5;3,5;2,5
IIII|4369,21845,30583|3;2,5;3,5;2,5
IIII|4369,21845,56797|3;2,5;2,5;3,5
IIII|4369,39321,48059|3;2,5,1;3,5;2,5
IIII|4369,39321,56797|3;2,5,1;2,5;3,5
IIII|8738,13107,30583|3,4;3,5;2,5;2,5
IIII|8738,13107,48059|3,4;3,5;3,5;2,5
IIII|8738,26214,30583|3,4;2,5;3,5;2,5
IIII|8738,43690,48059|3,4;2,5,1;3,5;2,5
IIII|8738,43690,61166|3,4;2,5,1;2,5;3,5
IIII|17476,21845,30583|2,0;2,5;3,5;2,5
IIII|17476,21845,56797|2,0;2,5;2,5;3,5
IIII|17476,26214,30583|2,0;3,5;3,5;2,5
IIII|17476,52428,56797|2,0;3,5,4;2,5;3,5
IIII|17476,52428,61166|2,0;3,5,4;3,5;3,5
IIII|34952,39321,48059|2;3,5,0;3,5;2,5
IIII|34952,39321,56797|2;3,5,0;2,5;3,5
IIII|34952,43690,48059|2;3,5;3,5;2,5
IIII|34952,43690,61166|2;3,5;2,5;3,5
IIII|34952,52428,56797|2;2,5;2,5;3,5
IIII|34952,52428,61166|2;2,5;3,5;3,5
IIJJ|4369,13107,955|3;3,5;1,3,5;1,2,5
IIJJ|4369,39321,2525|3;2,5,1;3,5;2,5
IIJJ|8738,13107,955|3,4;3,5;1,3,5;1,2,5
IIJJ|17476,52428,3310|2,0;3,5,4;3,5;2,0,5
IIJJ|34952,39321,2525|2;3,5,0;3,5;2,5
IIJJ|34952,52428,3310|2;2,5;3,5;2,0,5
IIJL|4369,13107,887|3;3,5;1,2,5;3,1,5
IIJL|4369,39321,2491|3;2,5,1;2,5;1,3,5
IIJL|8738,13107,887|3,4;3,5;1,2,5;3,1,5
IIJL|17476,52428,3293|2,0;3,5,4;2,5,0,5;3,5
IIJL|34952,39321,2491|2;3,5,0;2,5;1,3,5
IIJL|34952,52428,3293|2;2,5;2,5,0,5;3,5
IILJ|4369,13107,955|3;3,5;3,5,1,5;1,2,5
IILJ|4369,39321,2525|3;2,5,1;1,3,5;2,5
IILJ|8738,13107,955|3,4;3,5;3,5,1,5;1,2,5
IILJ|17476,52428,3310|2,0;3,5,4;3,5;2,0,5
IILJ|34952,39321,2525|2;3,5,0;1,3,5;2,5
IILJ|34952,52428,3310|2;2,5;3,5;2,0,5
IILL|4369,13107,887|3;3,5;1,2,5;3,1,5
IILL|4369,39321,2491|3;2,5,1;2,5;1,3,5
IILL|8738,13107,887|3,4;3,5;1,2,5;3,1,5
IILL|17476,52428,3293|2,0;3,5,4;2,5;3,5
IILL|34952,39321,2491|2;3,5,0;2,5;1,3,5
IILL|34952,52428,3293|2;2,5;2,5;3,5
IIOO|4369,13107,51|3;3,5;1,5;1,5
IIOO|4369,39321,153|3;2,5,1;;
IIOO|8738,13107,51|3,4;3,5;1,5;1,5
IIOO|17476,52428,204|2,0;3,5,4;0,5;0,5
IIOO|34952,39321,153|2;3,5,0;;
IIOO|34952,52428,204|2;2,5;0,5;0,5
IITJ|4369,13107,955|3;3,5;3,1,5;1,2,5
IITJ|4369,39321,2525|3;2,5,1;1,3,5;2,5
IITJ|8738,13107,955|3,4;3,5;3,1,5;1,2,5
IITJ|17476,52428,3310|2,0;3,5,4;3,5;2,0,5
IITJ|34952,39321,2525|2;3,5,0;1,3,5;2,5
IITJ|34952,52428,3310|2;2,5;3,5;2,0,5
IITL|4369,13107,887|3;3,5;1,2,5;3,1,5
IITL|4369,39321,2491|3;2,5,1;2,5;1,3,5
IITL|8738,13107,887|3,4;3,5;1,2,5;3,1,5
IITL|17476,52428,3293|2,0;3,5,4;2,0,5;3,5
IITL|34952,39321,2491|2;3,5,0;2,5;1,3,5
IITL|34952,52428,3293|2;2,5;2,0,5;3,5
IJIJ|4369,5463,2525|3;3,5;2,5;2,5
IJIJ|4369,6557,955|3;1,5,3;3,5;1,2,5
IJIJ|8738,10926,955|3,4;1,3,5;3,5;1,2,5
IJIJ|17476,18023,3310|2,0;3,5;3,5,3,3,5;2,0,5
IJIJ|34952,35499,3310|2;2,4;2,5;2,0,5
IJIJ|34952,36046,2525|2;3;2,5;2,5
IJIL|4369,5939,2491|3;2,5;2,5;1,3,5
IJIL|4369,7509,887|3;2,5,1;3,5;3,1,5
IJIL|8738,11878,887|3,4;1,2,5;3,5;3,1,5
IJIL|17476,18261,3293|2,0;2,5,0,5;2,5;3,5
IJIL|34952,35737,3293|2;2;2,5;3,5
IJIL|34952,36522,2491|2;2,1;3,5;1,3,5
IJJI|4369,5463,30583|3;3,5;2,5;2,5
IJJI|4369,6557,56797|3;1,5,3;1,5,2,5;3,5
IJJI|8738,10926,61166|3,4;1,3,5;1,2,5;3,5
IJJI|17476,18023,30583|2,0;3,5;2,0,5;2,5
IJJI|34952,35499,48059|2;2,4;2,5;2,5
IJJI|34952,36046,61166|2;3;2,5;3,5
IJJO|4369,275,51|3;1,5;1,5;1,5
IJJO|4369,275,153|3;1,5;1,5,3;
IJJO|4369,281,153|3;1,5,4;1,5,4;
IJJO|4369,5939,51|3;2,5;1,5,4;1,5
IJJO|34952,2185,153|2;;;
IJJO|34952,2185,204|2;;3;0,5
IJJO|34952,2188,204|2;4;4;0,5
IJJO|34952,35737,153|2;2;4;
IJJS|4369,281,57|3;1,5,4;1,5;4
IJJS|34952,2188,156|2;4;;1,5,4
IJJT|4369,275,27|3;1,5;1,5,4;1,5,4
IJJT|4369,6557,27|3;1,5,3;2,5;1,5,4
IJJT|34952,2185,141|2;;4;4
IJJT|34952,35737,141|2;2;3,4,5,4,5;4
IJJT|34952,36046,141|2;3;2,5,0,5;4
IJJZ|34952,2188,2973|2;4;2,0;1,2,4
IJLO|4369,275,51|3;1,5;4,5;1,5
IJLO|4369,281,51|3;1,5,4;2,5;1,5
IJLO|4369,281,153|3;1,5,4;1,5;
IJLO|34952,2185,153|2;;4;
IJLO|34952,2188,153|2;4;2;
IJLO|34952,2188,204|2;4;;0,5
IJLS|4369,275,3483|3;1,5;1,5,3,1;3,4
IJLT|4369,281,27|3;1,5,4;4,5;1,5,4
IJLT|34952,2188,141|2;4;4;4
IJLZ|4369,275,147|3;1,5;1,5;4
IJLZ|4369,6557,2973|3;1,5,3;4,5;1,2,4
IJLZ|34952,2185,201|2;;;1,4
IJLZ|34952,36046,3534|2;3;4;2,4
IJOJ|4369,281,23|3;1,5,4;;1,5,4
IJOJ|34952,2188,139|2;4;0,5;4
IJOL|4369,275,29|3;1,5;1,5;4,5
IJOL|4369,6557,29|3;1,5,3;;4,5
IJOL|34952,2185,142|2;;;4
IJOL|34952,36046,142|2;3;0,5;4
IJSL|4369,275,887|3;1,5;2,5;3,1,5
IJSL|4369,281,29|3;1,5,4;1,5,4;4,5
IJSL|34952,2185,2491|2;;3;1,3,5
IJSL|34952,2188,142|2;4;4;4
IJTJ|4369,275,23|3;1,5;1,5,4;1,5,4
IJTJ|34952,2185,139|2;;4;4
IJTL|4369,281,29|3;1,5,4;1,5,4;4,5
IJTL|34952,2188,142|2;4;4;4
IJTT|4369,6557,27|3;1,5,3;2,5;1,5,4
IJTT|34952,36046,141|2;3;2,0,5;4
IJZJ|4369,275,23|3;1,5;1,5,4;1,5,4
IJZJ|4369,281,2525|3;1,5,4;3,5,1;2,5
IJZJ|34952,2185,139|2;;4;4
IJZJ|34952,2188,3310|2;4;2;2,0,5
IJZL|4369,6557,29|3;1,5,3;2,5;4,5
IJZL|34952,36046,142|2;3;3,5;4
ILIJ|4369,5973,2525|3;4,5,2;2,5;2,5
ILIJ|4369,7577,955|3;1,5,3;3,5;1,2,5
ILIJ|8738,11946,955|3,4;3,5,1,5;3,5;1,2,5
ILIJ|17476,18278,3310|2,0;3,5;2,5;2,0,5
ILIJ|34952,35754,3310|2;2,4;2,5;2,0,5
ILIJ|34952,36556,2525|2;3;3,5;2,5
ILIL|4369,4919,2491|3;2,5;3,5;1,3,5
ILIL|4369,5469,887|3;2,5,1;3,5;3,1,5
ILIL|8738,9838,887|3,4;1,2,5;3,5;3,1,5
ILIL|17476,17751,3293|2,0;2,5;2,5;3,5
ILIL|34952,35227,3293|2;2;2,5;3,5
ILIL|34952,35502,2491|2;2,1;3,5;1,3,5
ILJO|4369,275,51|3;4,5;1,5;1,5
ILJO|4369,275,153|3;4,5;1,5,3;
ILJO|4369,281,153|3;1,5;1,5,4;
ILJO|34952,2185,153|2;4;;
ILJO|34952,2185,204|2;4;3;0,5
ILJO|34952,2188,204|2;;4;0,5
ILJS|4369,281,57|3;1,5;1,5;4
ILJS|4369,4919,2871|3;2,5;1,5,4;3,4
ILJS|34952,2188,156|2;;;1,5,4
ILJS|34952,35227,3483|2;2;4;3,4
ILJT|4369,275,27|3;4,5;1,5,4;1,5,4
ILJT|34952,2185,141|2;4;4;4
ILJZ|34952,2188,2973|2;;2,0;1,2,4
ILLI|4369,4919,30583|3;2,5;1,5,3,5;2,5
ILLI|4369,5469,56797|3;2,5,1;1,5,3,5;3,5
ILLI|8738,9838,61166|3,4;1,2,5;3,1,5;3,5
ILLI|17476,17751,30583|2,0;2,5;3,5;2,5
ILLI|34952,35227,48059|2;2;3,5;2,5
ILLI|34952,35502,61166|2;2,1;3,5;3,5
ILLO|4369,275,51|3;4,5;4,5;1,5
ILLO|4369,281,51|3;1,5;2,5;1,5
ILLO|4369,281,153|3;1,5;1,5;
ILLO|4369,7577,153|3;1,5,3;4,5;
ILLO|34952,2185,153|2;4;4;
ILLO|34952,2188,153|2;;2;
ILLO|34952,2188,204|2;;;0,5
ILLO|34952,36556,204|2;3;4;0,5
ILLS|4369,275,3483|3;4,5;1,5,3,1;3,4
ILLT|4369,281,27|3;1,5;4,5;1,5,4
ILLT|4369,4919,27|3;2,5;1,5,3,5,1,5;1,5,4
ILLT|4369,7577,27|3;1,5,3;3,5,4,5;1,5,4
ILLT|34952,2188,141|2;;4;4
ILLT|34952,35227,141|2;2;3,5,1,5;4
ILLZ|4369,275,147|3;4,5;1,5;4
ILLZ|34952,2185,201|2;4;;1,4
ILOJ|4369,281,23|3;1,5;;1,5,4
ILOJ|4369,4919,23|3;2,5;1,5;1,5,4
ILOJ|34952,2188,139|2;;0,5;4
ILOJ|34952,35227,139|2;2;;4
ILOL|4369,275,29|3;4,5;1,5;4,5
ILOL|34952,2185,142|2;4;;4
ILSJ|4369,4919,23|3;2,5;1,5,2,5;1,5,4
ILSJ|34952,35227,139|2;2;2,5;4
ILSL|4369,275,887|3;4,5;2,5;3,1,5
ILSL|4369,281,29|3;1,5;1,5,4;4,5
ILSL|34952,2185,2491|2;4;3;1,3,5
ILSL|34952,2188,142|2;;4;4
ILTJ|4369,275,23|3;4,5;1,5,4;1,5,4
ILTJ|34952,2185,139|2;4;4;4
ILTL|4369,281,29|3;1,5;1,5,4;4,5
ILTL|34952,2188,142|2;;4;4
ILTT|4369,4919,27|3;2,5;1,5,3,1,5;1,5,4
ILTT|34952,35227,141|2;2;3,1,5;4
ILZJ|4369,275,23|3;4,5;1,5,4;1,5,4
ILZJ|4369,281,2525|3;1,5;3,5,1;2,5
ILZJ|34952,2185,139|2;4;4;4
ILZJ|34952,2188,3310|2;;2;2,0,5
IOIO|4369,4471,153|3;;2,1,5;
IOIO|4369,4573,51|3;1;3,5;1,5
IOIO|8738,8942,51|3,4;1,5;3,5;1,5
IOIO|17476,17527,204|2,0;0,5;3,4,1,5;0,5
IOIO|34952,35003,204|2;0;2,5;0,5
IOIO|34952,35054,153|2;;3,0,5;
IOJJ|4369,4471,23|3;;1,5,4;1,5,4
IOJJ|4369,4573,23|3;1;2,5;1,5,4
IOJJ|4369,4573,2525|3;1;1,5,4;2,5
IOJJ|34952,35003,139|2;0;4;4
IOJJ|34952,35054,139|2;;2,5;4
IOJJ|34952,35054,3310|2;;4;2,0,5
IOJL|4369,4471,887|3;;1,5;3,1,5
IOJL|34952,35003,2491|2;0;;1,3,5
IOLJ|4369,4573,2525|3;1;1,5;2,5
IOLJ|34952,35054,3310|2;;;2,0,5
IOLL|4369,4471,29|3;;1,5,3,5;4,5
IOLL|4369,4471,887|3;;4,5;3,1,5
IOLL|4369,4573,29|3;1;4,5;4,5
IOLL|34952,35003,142|2;0;3,5;4
IOLL|34952,35003,2491|2;0;4;1,3,5
IOLL|34952,35054,142|2;;4;4
IOOI|4369,4471,30583|3;;;2,5
IOOI|4369,4573,56797|3;1;1;3,5
IOOI|8738,8942,61166|3,4;1,5;1,5;3,5
IOOI|17476,17527,30583|2,0;0,5;0,5;2,5
IOOI|34952,35003,48059|2;0;0;2,5
IOOI|34952,35054,61166|2;;;3,5
ISJL|4369,5593,3545|3;1,5,3;1,5,4;3,5,4
ISLJ|4369,4567,23|3;4,5;4,5;1,5,4
ISLJ|4369,5593,23|3;1,5,3;3,5,4;1,5,4
ISLJ|34952,35051,139|2;;4;4
ISLL|4369,4981,29|3;2,5;1,5,3,1,5;4,5
ISLL|34952,35258,142|2;2;3,1,5;4
ISTL|4369,4567,887|3;4,5;1,5,2;3,1,5
ISTL|34952,35051,2491|2;;2;1,3,5
ITIJ|4369,5493,2525|3;2,5,4;2,5;2,5
ITIJ|4369,6617,955|3;1,5,3;3,5;1,2,5
ITIJ|8738,10986,955|3,4;3,1,5;3,5;1,2,5
ITIJ|17476,18038,3310|2,0;3,5;3,3,5,3,5;2,0,5
ITIJ|34952,35514,3310|2;2,4;2,5;2,0,5
ITIJ|34952,36076,2525|2;3;2,5;2,5
ITIL|4369,4979,2491|3;2,5;3,5;1,3,5
ITIL|4369,5589,887|3;2,5,1;3,5;3,1,5
ITIL|8738,9958,887|3,4;1,2,5;3,5;3,1,5
ITIL|17476,17781,3293|2,0;2,0,5;2,5;3,5
ITIL|34952,35257,3293|2;2;2,5;3,5
ITIL|34952,35562,2491|2;2,1;3,5;1,3,5
ITJL|4369,277,29|3;1,5;1,5,4;4,5
ITJL|34952,2186,142|2;;4;4
ITJT|4369,6617,27|3;1,5,3;2,5;1,5,4
ITJT|34952,36076,141|2;3;2,0,5;4
ITLJ|4369,277,23|3;1,5;4,5;1,5,4
ITLJ|34952,2186,139|2;;4;4
ITLT|4369,4979,27|3;2,5;1,5,3,1,5;1,5,4
ITLT|34952,35257,141|2;2;3,1,5;4
ITSL|4369,6617,3545|3;1,5,3;1,5,4;3,5,4
ITTJ|4369,277,2525|3;1,5;1,5,3;2,5
ITTJ|34952,2186,3310|2;;3;2,0,5
ITTJ|34952,35257,3001|2;2;4;1,2,5,4
ITTL|4369,277,887|3;1,5;1,5,2;3,1,5
ITTL|4369,6617,3545|3;1,5,3;1,5,4;3,5,4
ITTL|34952,2186,2491|2;;2;1,3,5
ITTS|4369,6617,57|3;1,5,3;2,5;4
ITTS|34952,36076,156|2;3;2,0,5;1,5,4
ITTZ|4369,4979,147|3;2,5;1,5,3,1,5;4
ITTZ|34952,35257,201|2;2;3,1,5;1,4
ITZJ|34952,35257,3001|2;2;4;1,2,5,4
IZJJ|4369,6613,23|3;1,5,3;2,5;1,5,4
IZJJ|34952,36074,139|2;3;2,0,5;4
IZJL|4369,4477,29|3;4,5;1,5,4;4,5
IZJL|34952,35006,142|2;;4;4
IZJL|34952,35513,142|2;2;3,4,5,4;4
IZLJ|34952,35513,3001|2;2;4;1,2,5,4
IZTJ|4369,4477,2525|3;4,5;1,5,3;2,5
IZTJ|34952,35006,3310|2;;3;2,0,5
JIIJ|23,23,23|;;;1,5,4
JIIJ|232,232,232|1,4;;;2,5,3
JIIJ|547,18023,3310|2,4;2,5;3,5,3,3,5;2,0,5
JIIJ|547,35499,3310|2,4;2,5,1;2,5;2,0,5
JIIJ|1094,5463,2525|3;2,5;2,5;2,5
JIIJ|1094,36046,2525|3;3,4,1,5;2,5;2,5
JIIJ|2188,6557,955|1,3;3,5,0;3,5;1,2,5
JIIJ|2188,10926,955|1,3;3,5;3,5;1,2,5
JIIL|785,18261,3293|2;2,5;2,5;3,5
JIIL|785,35737,3293|2;3,5;2,5;3,5
JIIL|1570,5939,2491|1,2;3,5;2,5;1,3,5
JIIL|1570,36522,2491|1,2;3,5,3,2,5;3,5;1,3,5
JIIL|3140,7509,887|3,4;2,5;3,5;3,1,5
JIIL|3140,11878,887|3,4;3,5;3,5;3,1,5
JIJI|547,18023,30583|2,4;2,5;2,0,5;2,5
JIJI|547,35499,48059|2,4;2,5,1;2,5;2,5
JIJI|1094,5463,30583|3;2,5;2,5;2,5
JIJI|1094,36046,61166|3;3,4,1,5;2,5;3,5
JIJI|2188,6557,56797|1,3;3,5,0;1,5,2,5;3,5
JIJI|2188,10926,61166|1,3;3,5;1,2,5;3,5
JIJO|23,2185,153|;3;;
JIJO|23,2185,204|;3;3;0,5
JIJO|46,46,51|1;;2,5;1,5
JIJO|46,275,51|1;3;1,5;1,5
JIJO|46,275,153|1;3;1,5,3;
JIJO|116,2188,204|4;3;4;0,5
JIJO|232,281,153|1,4;3;1,5,4;
JIJO|785,785,51|2;;1,3,5,2;1,5
JIJO|785,35737,153|2;3,5;4;
JIJO|1570,5939,51|1,2;3,5;1,5,4;1,5
JIJO|2188,2188,204|1,3;;4;0,5
JIJS|116,2188,156|4;3;;1,5,4
JIJS|232,232,57|1,4;;2,5,3,2;4
JIJS|232,281,57|1,4;3;1,5;4
JIJS|785,785,57|2;;1,2,5,2;4
JIJS|2188,2188,156|1,3;;;1,5,4
JIJT|23,2185,141|;3;4;4
JIJT|46,275,27|1;3;1,5,4;1,5,4
JIJT|785,35737,141|2;3,5;3,4,5,4,5;4
JIJT|1094,36046,141|3;3,4,1,5;2,5,0,5;4
JIJT|2188,6557,27|1,3;3,5,0;2,5;1,5,4
JIJZ|116,2188,2973|4;3;2,0;1,2,4
JIJZ|785,785,2973|2;;1,3,5;1,2,4
JIJZ|2188,2188,2973|1,3;;2,0;1,2,4
JILO|23,2185,153|;3;4;
JILO|46,275,51|1;3;4,5;1,5
JILO|116,116,204|4;;1,3,5;0,5
JILO|116,2188,153|4;3;2;
JILO|116,2188,204|4;3;;0,5
JILO|232,281,51|1,4;3;2,5;1,5
JILO|232,281,153|1,4;3;1,5;
JILO|785,785,51|2;;1,2,5,2;1,5
JILO|785,785,153|2;;3,5,1,5;
JILO|2188,2188,153|1,3;;2;
JILO|2188,2188,204|1,3;;;0,5
JILS|46,275,3483|1;3;1,5,3,1;3,4
JILS|785,785,57|2;;1,2,5,3,5;4
JILT|116,2188,141|4;3;4;4
JILT|232,281,27|1,4;3;4,5;1,5,4
JILT|2188,2188,141|1,3;;4;4
JILZ|23,23,201|;;1,5,3;1,4
JILZ|23,2185,201|;3;;1,4
JILZ|46,275,147|1;3;1,5;4
JILZ|1094,36046,3534|3;3,4,1,5;4;2,4
JILZ|2188,6557,2973|1,3;3,5,0;4,5;1,2,4
JIOJ|46,46,3310|1;;1,5;2,0,5
JIOJ|116,2188,139|4;3;0,5;4
JIOJ|232,281,23|1,4;3;;1,5,4
JIOJ|2188,2188,139|1,3;;0,5;4
JIOL|23,2185,142|;3;;4
JIOL|46,275,29|1;3;1,5;4,5
JIOL|785,785,887|2;;1,5,0;3,1,5
JIOL|1094,36046,142|3;3,4,1,5;0,5;4
JIOL|2188,6557,29|1,3;3,5,0;;4,5
JISL|23,2185,2491|;3;3;1,3,5
JISL|46,275,887|1;3;2,5;3,1,5
JISL|116,2188,142|4;3;4;4
JISL|232,281,29|1,4;3;1,5,4;4,5
JISL|2188,2188,142|1,3;;4;4
JITJ|23,2185,139|;3;4;4
JITJ|46,275,23|1;3;1,5,4;1,5,4
JITL|116,2188,142|4;3;4;4
JITL|232,281,29|1,4;3;1,5,4;4,5
JITL|2188,2188,142|1,3;;4;4
JITT|23,23,141|;;1,5,3;4
JITT|1094,36046,141|3;3,4,1,5;2,0,5;4
JITT|2188,6557,27|1,3;3,5,0;2,5;1,5,4
JIZJ|23,2185,139|;3;4;4
JIZJ|46,275,23|1;3;1,5,4;1,5,4
JIZJ|116,2188,3310|4;3;2;2,0,5
JIZJ|232,281,2525|1,4;3;3,5,1;2,5
JIZJ|2188,2188,3310|1,3;;2;2,0,5
JIZL|23,23,887|;;;3,1,5
JIZL|1094,36046,142|3;3,4,1,5;3,5;4
JIZL|2188,6557,29|1,3;3,5,0;2,5;4,5
JJII|547,13107,30583|2,4;2,5;2,5;2,5
JJII|547,13107,48059|2,4;2,5;3,5;2,5
JJII|1094,26214,30583|3;2,5;3,5;2,5
JJIO|23,5911,153|;;2,5;
JJIO|23,17527,204|;3;3,4,1,5;0,5
JJIO|46,51,51|1;2,5;;1,5
JJIO|46,11822,51|1;1;3,5;1,5
JJIO|46,35054,153|1;1,3;3,0,5;
JJIO|116,29812,204|4;2,2;2,5;0,5
JJIO|232,59624,153|1,4;1,4;3,5;
JJIO|785,51,51|2;1,3,5,2;;1,5
JJIO|785,30481,153|2;4;2,5;
JJIO|1570,60962,51|1,2;4;3,5;1,5
JJIO|2188,204,204|1,3;4;;0,5
JJIS|116,6004,156|4;;2,5;1,5,4
JJIS|232,57,57|1,4;2,5,3,2;;4
JJIS|232,12008,57|1,4;1;3,5;4
JJIS|785,57,57|2;1,2,5,2;;4
JJIS|2188,156,156|1,3;;;1,5,4
JJIT|23,1879,141|;4;2,5;4
JJIT|46,3758,27|1;1,4;3,5;1,5,4
JJIT|785,1879,141|2;1,2,5,4;2,5;4
JJIT|1094,1879,141|3;2,5,0,5;2,5;4
JJIT|2188,3758,27|1,3;2;3,5;1,5,4
JJIZ|785,2973,2973|2;1,3,5;;1,2,4
JJIZ|2188,2973,2973|1,3;2,0;;1,2,4
JJJJ|23,5911,23|;;1,5,4;1,5,4
JJJJ|46,51,139|1;2,5;1,3,5;4
JJJJ|46,35054,139|1;1,3;2,5;4
JJJJ|46,35054,3310|1;1,3;4;2,0,5
JJJJ|232,6120,232|1,4;;1,5,4;2,5,3
JJJJ|232,59624,232|1,4;1,4;2,5,3;2,5,3
JJJJ|547,170,955|2,4;1,3,5;2,5;1,2,5
JJJJ|547,170,3310|2,4;1,3,5;1,2,5;2,0,5
JJJJ|547,13107,955|2,4;2,5;1,3,5;1,2,5
JJJJ|785,51,139|2;1,3,5,2;1,3,5;4
JJJJ|2188,170,955|1,3;3;2,5;1,2,5
JJJJ|2188,170,3310|1,3;3;1,2,5;2,0,5
JJJL|547,3687,887|2,4;1,2,5;2,5;3,1,5
JJJL|547,13107,887|2,4;2,5;1,2,5;3,1,5
JJJL|785,2973,3293|2;1,3,5;1,2,5;3,5
JJJL|2188,2973,3293|1,3;2,0;1,2,5;3,5
JJJL|3140,3687,887|3,4;3,5;2,5;3,1,5
JJLJ|23,5911,23|;;1,5,3,5,2;1,5,4
JJLJ|46,1902,3310|1;4;1,3,5;2,0,5
JJLJ|46,35054,3310|1;1,3;;2,0,5
JJLJ|547,13107,955|2,4;2,5;3,5,1,5;1,2,5
JJLL|46,35054,142|1;1,3;4;4
JJLL|547,13107,887|2,4;2,5;1,2,5;3,1,5
JJLL|785,85,887|2;1,2,5;3,5;3,1,5
JJLL|785,85,3293|2;1,2,5;1,3,5;3,5
JJLL|2188,204,29|1,3;4;2,5;4,5
JJLL|3140,85,887|3,4;2,5,0,5;3,5;3,1,5
JJLL|3140,85,3293|3,4;2,5,0,5;1,3,5;3,5
JJOI|23,17527,30583|;3;0,5;2,5
JJOI|46,35054,61166|1;1,3;;3,5
JJOO|547,13107,51|2,4;2,5;1,5;1,5
JJOZ|232,57,201|1,4;2,5,3,2;1,5;1,4
JJOZ|785,57,201|2;1,2,5,2;1,5;1,4
JJSO|2188,156,204|1,3;;4;0,5
JJTJ|46,51,139|1;2,5;3,1,5;4
JJTJ|547,13107,955|2,4;2,5;3,1,5;1,2,5
JJTJ|785,51,139|2;1,3,5,2;3,1,5;4
JJTL|23,39,142|;1,5;3,1,5;4
JJTL|547,13107,887|2,4;2,5;1,2,5;3,1,5
JJTL|2188,204,29|1,3;4;2,0,5;4,5
JJZT|232,57,141|1,4;2,5,3,2;1,5,3;4
JJZT|785,57,141|2;1,2,5,2;1,5,3;4
JLIO|23,28951,153|;3,3,5;2,5;
JLIO|46,57902,51|1;1,2,2,5;3,5;1,5
JLIO|116,204,204|4;1,3,5;;0,5
JLIO|116,18292,204|4;;2,5;0,5
JLIO|232,36584,153|1,4;1;3,5;
JLIO|785,51,51|2;1,2,5,2;;1,5
JLIO|785,153,153|2;3,5,1,5;;
JLIO|2188,153,153|1,3;2;;
JLIO|2188,204,204|1,3;;;0,5
JLIS|46,51374,3483|1;3,1;2,5;3,4
JLIS|116,29044,156|4;4;2,5;1,5,4
JLIS|232,58088,57|1,4;3,3;3,5;4
JLIS|785,57,57|2;1,2,5,3,5;;4
JLIT|2188,141,141|1,3;4;;4
JLIZ|23,201,201|;1,5,3;;1,4
JLIZ|23,18199,201|;;2,5;1,4
JLIZ|46,36398,147|1;1;3,5;4
JLIZ|1094,30022,3534|3;4;2,5;2,4
JLJJ|23,135,23|;1,5;;1,5,4
JLJJ|232,120,232|1,4;4;4;2,5,3
JLJJ|547,3755,955|2,4;3,5,1,5;2,5;1,2,5
JLJJ|785,51,139|2;1,2,5,2;1,3,5;4
JLJJ|2188,2990,3310|1,3;3;1,2,5;2,0,5
JLJL|232,36584,184|1,4;1;2,5;3,5,2
JLJL|547,102,887|2,4;1,2,5;2,5;3,1,5
JLJL|785,153,3293|2;3,5,1,5;1,2,5;3,5
JLJL|2188,141,29|1,3;4;;4,5
JLJL|2188,153,3293|1,3;2;1,2,5;3,5
JLJL|3140,102,887|3,4;3,5;2,5;3,1,5
JLLJ|232,36584,232|1,4;1;4;2,5,3
JLLJ|547,102,3310|2,4;1,2,5;1,3,5;2,0,5
JLLJ|785,153,955|2;3,5,1,5;3,5;1,2,5
JLLJ|2188,153,955|1,3;2;3,5;1,2,5
JLLJ|3140,102,3310|3,4;3,5;1,3,5;2,0,5
JLLL|116,204,29|4;1,3,5;2,5;4,5
JLLL|785,1885,3293|2;1,2,5;1,3,5;3,5
JLLL|2188,204,29|1,3;;2,5;4,5
JLLL|3140,3415,887|3,4;2,5;3,5;3,1,5
JLOS|23,201,57|;1,5,3;0,5;4
JLOZ|785,57,201|2;1,2,5,3,5;1,5;1,4
JLSI|23,25687,30583|;4,2;1,2,4;2,5
JLSI|46,51374,61166|1;3,1;3,4;3,5
JLST|23,201,27|;1,5,3;2;1,5,4
JLST|2188,141,27|1,3;4;2;1,5,4
JLSZ|785,153,201|2;3,5,1,5;4;1,4
JLSZ|2188,153,201|1,3;2;4;1,4
JLTJ|785,51,139|2;1,2,5,2;3,1,5;4
JLTL|116,204,29|4;1,3,5;2,0,5;4,5
JLTL|2188,204,29|1,3;;2,0,5;4,5
JLZS|785,153,57|2;3,5,1,5;4;4
JLZS|2188,153,57|1,3;2;4;4
JLZT|785,57,141|2;1,2,5,3,5;1,5,3;4
JOIJ|46,3310,3310|1;1,5;;2,0,5
JOIJ|785,887,139|2;1,5,0;3,5;4
JOIJ|2188,139,139|1,3;0,5;;4
JOIL|23,1655,142|;;2,5;4
JOIL|46,3310,29|1;1,5;3,5;4,5
JOIL|232,52456,3545|1,4;1;2,5;3,5,4
JOIL|785,887,887|2;1,5,0;;3,1,5
JOIL|1094,1910,142|3;0,5;2,5;4
JOIL|2188,3820,29|1,3;;3,5;4,5
JOJI|785,887,30583|2;1,5,0;4;2,5
JOJO|232,52456,204|1,4;1;2,5,0,5,3;0,5
JOJO|547,46,51|2,4;1,5;2,5;1,5
JOJO|2188,139,204|1,3;0,5;3,4,5;0,5
JOJT|2188,139,27|1,3;0,5;;1,5,4
JOJZ|232,52456,201|1,4;1;2,5,0,5,3,2;1,4
JOLI|23,1655,30583|;;4;2,5
JOLI|46,3310,61166|1;1,5;1,4;3,5
JOOJ|232,13288,232|1,4;0;1,5;2,5,3
JOOJ|232,52456,232|1,4;1;0,5;2,5,3
JOOJ|547,46,3310|2,4;1,5;1,5;2,0,5
JOOJ|2188,139,955|1,3;0,5;0;1,2,5
JOOL|785,989,3293|2;1,5;1,5;3,5
JOOL|3140,3191,887|3,4;0,5;0,5;3,1,5
JOSJ|23,3287,23|;1;3;1,5,4
JOZJ|232,52456,232|1,4;1;3,5;2,5,3
JSIL|23,4919,2491|;3;3,5;1,3,5
JSIL|46,9838,887|1;2;3,5;3,1,5
JSIL|2188,142,142|1,3;4;;4
JSJS|23,4919,2871|;3;1,5,4;3,4
JSJS|2188,142,57|1,3;4;2;4
JSLI|23,4919,30583|;3;1,5,3,5;2,5
JSLI|46,9838,61166|1;2;3,1,5;3,5
JSLT|23,4919,27|;3;1,5,3,5,1,5;1,5,4
JSOJ|23,4919,23|;3;1,5;1,5,4
JSOL|23,3191,887|;4;0,5;3,1,5
JSSJ|23,77,23|;1,5,3;2;1,5,4
JSSJ|23,4919,23|;3;1,5,2,5;1,5,4
JSSJ|2188,142,3310|1,3;4;1;2,0,5
JSTT|23,4919,27|;3;1,5,3,1,5;1,5,4
JSTT|2188,142,27|1,3;4;2;1,5,4
JTIJ|23,1847,139|;4;2,5;4
JTIJ|46,3694,23|1;4;3,5;1,5,4
JTIL|2188,142,142|1,3;4;;4
JTIT|23,141,141|;1,5,3;;4
JTIT|785,1909,141|2;1,2,5,4;2,5;4
JTIT|1094,1399,141|3;2,0,5;3,5;4
JTIT|2188,2798,27|1,3;2;3,5;1,5,4
JTJJ|46,36014,139|1;3,1;2,0,5;4
JTJJ|547,2795,955|2,4;3,1,5;2,5;1,2,5
JTJJ|2188,2750,3310|1,3;3;1,2,5;2,0,5
JTJL|23,141,29|;1,5,3;;4,5
JTJL|232,312,184|1,4;2;1,5,4;3,5,2
JTJL|547,1767,887|2,4;1,2,5;2,5;3,1,5
JTJL|2188,2493,3293|1,3;2,0;1,2,5;3,5
JTJS|2188,142,57|1,3;4;2;4
JTLJ|232,312,23|1,4;2;1,5,3,5,2;1,5,4
JTLO|23,71,204|;1,5;1,3,5;0,5
JTOL|23,71,887|;1,5;0,5;3,1,5
JTSJ|2188,142,3310|1,3;4;1;2,0,5
JTST|23,141,27|;1,5,3;2;1,5,4
JTTI|1094,1399,30583|3;2,0,5;4;2,5
JTTI|2188,2798,61166|1,3;2;4;3,5
JTTT|785,53,141|2;1,2,5,2;3,1,5;4
JTTT|2188,142,27|1,3;4;2;1,5,4
JTZS|232,312,156|1,4;2;1,5,3;1,5,4
JZIJ|23,887,139|;;3,5;4
JZIJ|46,1774,23|1;4;3,5;1,5,4
JZIJ|785,1907,139|2;1,5,2,5,0;2,5;4
JZIJ|1570,3814,23|1,2;3,4;3,5;1,5,4
JZIJ|2188,3310,3310|1,3;2;;2,0,5
JZIL|23,887,887|;;;3,1,5
JZIL|1094,1655,142|3;3,5;2,5;4
JZIL|2188,3310,29|1,3;2;3,5;4,5
JZJI|23,887,30583|;;4;2,5
JZJI|46,1774,61166|1;4;4;3,5
JZLI|1094,1655,30583|3;3,5;4;2,5
JZLI|2188,3310,61166|1,3;2;1,4;3,5
JZOJ|232,568,232|1,4;3;1,5;2,5,3
JZTT|785,893,141|2;1,5,2,5,2;3,1,5;4
LIIJ|802,18278,3310|2,4;2,5;2,5;2,0,5
LIIJ|802,35754,3310|2,4;3,5;2,5;2,0,5
LIIJ|1604,5973,2525|3;3,5;2,5;2,5
LIIJ|1604,36556,2525|3;3,5,3,2,5;3,5;2,5
LIIJ|3208,7577,955|1,3;2,5;3,5;1,2,5
LIIJ|3208,11946,955|1,3;3,5;3,5;1,2,5
LIIL|113,113,113|4;;;1,3,5,2
LIIL|142,142,142|1;;;4
LIIL|275,17751,3293|2;2,5;2,5;3,5
LIIL|275,35227,3293|2;2,5,1;2,5;3,5
LIIL|550,4919,2491|1,2;3,5;3,5;1,3,5
LIIL|550,35502,2491|1,2;2,1,5;3,5;1,3,5
LIIL|1100,5469,887|3,4;2,5;3,5;3,1,5
LIIL|1100,9838,887|3,4;3,5;3,5;3,1,5
LIJO|71,2188,204|;3;4;0,5
LIJO|113,2185,153|4;3;;
LIJO|113,2185,204|4;3;3;0,5
LIJO|142,281,153|1;3;1,5,4;
LIJO|226,226,51|1,4;;2,5;1,5
LIJO|226,275,51|1,4;3;1,5;1,5
LIJO|226,275,153|1,4;3;1,5,3;
LIJO|275,275,51|2;;1,5;1,5
LIJO|275,275,153|2;;1,5,3;
LIJO|3208,3208,153|1,3;;2,5,0,5;
LIJO|3208,3208,204|1,3;;3,5,3;0,5
LIJS|71,2188,156|;3;;1,5,4
LIJS|142,142,57|1;;2;4
LIJS|142,281,57|1;3;1,5;4
LIJS|275,35227,3483|2;2,5,1;4;3,4
LIJS|550,4919,2871|1,2;3,5;1,5,4;3,4
LIJT|113,2185,141|4;3;4;4
LIJT|226,275,27|1,4;3;1,5,4;1,5,4
LIJT|275,275,27|2;;1,5,4;1,5,4
LIJZ|71,2188,2973|;3;2,0;1,2,4
LIJZ|3208,3208,201|1,3;;3,5,2,5;1,4
LILI|275,17751,30583|2;2,5;3,5;2,5
LILI|275,35227,48059|2;2,5,1;3,5;2,5
LILI|550,4919,30583|1,2;3,5;1,5,3,5;2,5
LILI|550,35502,61166|1,2;2,1,5;3,5;3,5
LILI|1100,5469,56797|3,4;2,5;1,5,3,5;3,5
LILI|1100,9838,61166|3,4;3,5;3,1,5;3,5
LILO|71,71,204|;;1,3,5;0,5
LILO|71,2188,153|;3;2;
LILO|71,2188,204|;3;;0,5
LILO|113,2185,153|4;3;4;
LILO|142,281,51|1;3;2,5;1,5
LILO|142,281,153|1;3;1,5;
LILO|226,275,51|1,4;3;4,5;1,5
LILO|275,275,51|2;;4,5;1,5
LILO|1604,36556,204|3;3,5,3,2,5;4;0,5
LILO|3208,3208,204|1,3;;2,5,3;0,5
LILO|3208,7577,153|1,3;2,5;4,5;
LILS|226,275,3483|1,4;3;1,5,3,1;3,4
LILS|275,275,3483|2;;1,5,3,1;3,4
LILS|3208,3208,3483|1,3;;2,5;3,4
LILT|71,2188,141|;3;4;4
LILT|142,281,27|1;3;4,5;1,5,4
LILT|275,35227,141|2;2,5,1;3,5,1,5;4
LILT|550,4919,27|1,2;3,5;1,5,3,5,1,5;1,5,4
LILT|3208,7577,27|1,3;2,5;3,5,4,5;1,5,4
LILZ|113,113,201|4;;1,3,5,2,3;1,4
LILZ|113,2185,201|4;3;;1,4
LILZ|226,275,147|1,4;3;1,5;4
LILZ|275,275,147|2;;1,5;4
LILZ|3208,3208,201|1,3;;2,5,2;1,4
LIOJ|71,2188,139|;3;0,5;4
LIOJ|142,281,23|1;3;;1,5,4
LIOJ|275,35227,139|2;2,5,1;;4
LIOJ|550,4919,23|1,2;3,5;1,5;1,5,4
LIOJ|3208,3208,3310|1,3;;0,5,1;2,0,5
LIOL|71,71,887|;;0,5;3,1,5
LIOL|113,2185,142|4;3;;4
LIOL|226,275,29|1,4;3;1,5;4,5
LIOL|275,275,29|2;;1,5;4,5
LISJ|142,142,3310|1;;1;2,0,5
LISJ|275,35227,139|2;2,5,1;2,5;4
LISJ|550,4919,23|1,2;3,5;1,5,2,5;1,5,4
LISL|71,2188,142|;3;4;4
LISL|113,2185,2491|4;3;3;1,3,5
LISL|142,281,29|1;3;1,5,4;4,5
LISL|226,275,887|1,4;3;2,5;3,1,5
LISL|275,275,887|2;;2,5;3,1,5
LITJ|113,2185,139|4;3;4;4
LITJ|226,275,23|1,4;3;1,5,4;1,5,4
LITJ|275,275,23|2;;1,5,4;1,5,4
LITL|71,2188,142|;3;4;4
LITL|142,281,29|1;3;1,5,4;4,5
LITT|142,142,27|1;;2;1,5,4
LITT|275,35227,141|2;2,5,1;3,1,5;4
LITT|550,4919,27|1,2;3,5;1,5,3,1,5;1,5,4
LIZJ|71,2188,3310|;3;2;2,0,5
LIZJ|113,2185,139|4;3;4;4
LIZJ|142,281,2525|1;3;3,5,1;2,5
LIZJ|226,275,23|1,4;3;1,5,4;1,5,4
LIZJ|275,275,23|2;;1,5,4;1,5,4
LJIO|71,29767,204|;3,3,5;2,5;0,5
LJIO|113,6001,153|4;;2,5;
LJIO|142,59534,153|1;3,4,2,5;3,5;
LJIO|226,51,51|1,4;2,5;;1,5
LJIO|226,12002,51|1,4;1;3,5;1,5
LJIO|275,51,51|2;1,5;;1,5
LJIO|275,153,153|2;1,5,3;;
LJIO|3208,153,153|1,3;2,5,0,5;;
LJIO|3208,204,204|1,3;3,5,3;;0,5
LJIS|71,5959,156|;;2,5;1,5,4
LJIS|142,57,57|1;2;;4
LJIS|142,11918,57|1;3,2;3,5;4
LJIS|275,29971,3483|2;4;2,5;3,4
LJIS|550,59942,2871|1,2;1,4;3,5;3,4
LJIT|275,27,27|2;1,5,4;;1,5,4
LJIZ|71,12631,2973|;2,0;3,5;1,2,4
LJIZ|113,29809,201|4;2,2;2,5;1,4
LJIZ|226,59618,147|1,4;1,4;3,5;4
LJIZ|3208,201,201|1,3;3,5,2,5;;1,4
LJJJ|226,51,139|1,4;2,5;1,3,5;4
LJJJ|275,51,139|2;1,5;1,3,5;4
LJJJ|802,2990,3310|2,4;1,3,5;1,2,5;2,0,5
LJJJ|3208,3755,955|1,3;3,5;2,5;1,2,5
LJJL|113,6001,113|4;;1,5,4;1,3,5,2
LJJL|275,153,3293|2;1,5,3;1,2,5;3,5
LJJL|802,102,887|2,4;1,2,5;2,5;3,1,5
LJJL|1100,102,887|3,4;3,5;2,5;3,1,5
LJJL|3208,153,3293|1,3;2,5,0,5;1,2,5;3,5
LJLJ|113,6001,209|4;;1,5,3,5;2,5,3
LJLJ|275,27,139|2;1,5,4;1,5;4
LJLJ|275,153,955|2;1,5,3;3,5;1,2,5
LJLJ|802,102,3310|2,4;1,2,5;1,3,5;2,0,5
LJLJ|1100,102,3310|3,4;3,5;1,3,5;2,0,5
LJLJ|3208,153,955|1,3;2,5,0,5;3,5;1,2,5
LJLL|113,225,113|4;4;4;1,3,5,2
LJLL|142,30,142|1;;1,5;4
LJLL|275,3415,887|2;1,5,2;3,5;3,1,5
LJLL|1100,1885,3293|3,4;2,5,0,5;1,3,5;3,5
LJLL|3208,204,29|1,3;3,5,3;2,5;4,5
LJOS|3208,201,57|1,3;3,5,2,5;0,5;4
LJOZ|142,57,201|1;2;1,5;1,4
LJST|3208,201,27|1,3;3,5,2,5;2;1,5,4
LJSZ|275,153,201|2;1,5,3;4;1,4
LJSZ|3208,153,201|1,3;2,5,0,5;4;1,4
LJTJ|226,51,139|1,4;2,5;3,1,5;4
LJTJ|275,51,139|2;1,5;3,1,5;4
LJTL|3208,204,29|1,3;3,5,3;2,0,5;4,5
LJZI|71,12631,30583|;2,0;1,5,2,4;2,5
LJZI|142,25262,61166|1;4,3;3,4;3,5
LJZS|275,153,57|2;1,5,3;4;4
LJZS|3208,153,57|1,3;2,5,0,5;4;4
LJZT|142,57,141|1;2;1,5,3;4
LJZT|275,27,141|2;1,5,4;1,3;4
LLII|275,13107,30583|2;3,5;2,5;2,5
LLII|275,13107,48059|2;3,5;3,5;2,5
LLII|550,26214,30583|1,2;3,5;3,5;2,5
LLII|1100,52428,56797|3,4;1,3,5;2,5;3,5
LLII|1100,52428,61166|3,4;1,3,5;3,5;3,5
LLIO|71,204,204|;1,3,5;;0,5
LLIO|71,4471,153|;2;2,1,5;
LLIO|71,18247,204|;;2,5;0,5
LLIO|113,29041,153|4;4;2,5;
LLIO|142,8942,51|1;2,1;3,5;1,5
LLIO|142,36494,153|1;3,2;3,5;
LLIO|226,58082,51|1,4;3,3;3,5;1,5
LLIO|275,51,51|2;4,5;;1,5
LLIO|1604,30532,204|3;4;2,5;0,5
LLIO|3208,204,204|1,3;2,5,3;;0,5
LLIO|3208,61064,153|1,3;1,4;3,5;
LLIS|275,3483,3483|2;1,5,3,1;;3,4
LLIS|3208,3483,3483|1,3;2,5;;3,4
LLIT|71,1879,141|;4;2,5;4
LLIT|142,3758,27|1;3,3;3,5;1,5,4
LLIT|275,1879,141|2;1,5,3;2,5;4
LLIT|550,3758,27|1,2;3,5,1,5;3,5;1,5,4
LLIT|3208,3758,27|1,3;2,5,1;3,5;1,5,4
LLIZ|113,201,201|4;1,3,5,2,3;;1,4
LLIZ|113,18289,201|4;;2,5;1,4
LLIZ|226,36578,147|1,4;1;3,5;4
LLIZ|275,147,147|2;1,5;;4
LLIZ|3208,201,201|1,3;2,5,2;;1,4
LLJJ|71,4471,23|;2;1,5,4;1,5,4
LLJJ|275,51,139|2;4,5;1,3,5;4
LLJJ|275,13107,955|2;3,5;1,3,5;1,2,5
LLJJ|802,170,955|2,4;3,5,1,5;2,5;1,2,5
LLJJ|802,170,3310|2,4;3,5,1,5;1,2,5;2,0,5
LLJJ|1100,52428,3310|3,4;1,3,5;3,5;2,0,5
LLJJ|3208,170,955|1,3;3,5;2,5;1,2,5
LLJJ|3208,170,3310|1,3;3,5;1,2,5;2,0,5
LLJL|71,3687,887|;1,4;2,5;3,1,5
LLJL|71,4471,887|;2;1,5;3,1,5
LLJL|142,36494,142|1;3,2;2,5,3;4
LLJL|275,13107,887|2;3,5;1,2,5;3,1,5
LLJL|1100,52428,3293|3,4;1,3,5;2,5,0,5;3,5
LLLJ|275,3483,955|2;1,5,3,1;3,5;1,2,5
LLLJ|275,13107,955|2;3,5;3,5,1,5;1,2,5
LLLJ|802,1902,3310|2,4;1,2,5;1,3,5;2,0,5
LLLJ|1100,1902,3310|3,4;3,5;1,3,5;2,0,5
LLLJ|1100,52428,3310|3,4;1,3,5;3,5;2,0,5
LLLJ|3208,3483,955|1,3;2,5;3,5;1,2,5
LLLL|71,204,29|;1,3,5;2,5;4,5
LLLL|71,4471,29|;2;1,5,3,5;4,5
LLLL|71,4471,887|;2;4,5;3,1,5
LLLL|113,29041,113|4;4;1,3,5,2;1,3,5,2
LLLL|113,36465,113|4;1;4;1,3,5,2
LLLL|142,36494,142|1;3,2;4;4
LLLL|275,85,887|2;1,5,2;3,5;3,1,5
LLLL|275,85,3293|2;1,5,2;1,3,5;3,5
LLLL|275,13107,887|2;3,5;1,2,5;3,1,5
LLLL|1100,85,887|3,4;2,5;3,5;3,1,5
LLLL|1100,85,3293|3,4;2,5;1,3,5;3,5
LLLL|1100,52428,3293|3,4;1,3,5;2,5;3,5
LLLL|3208,204,29|1,3;2,5,3;2,5;4,5
LLOI|71,4471,30583|;2;;2,5
LLOI|142,8942,61166|1;2,1;1,5;3,5
LLOO|275,13107,51|2;3,5;1,5;1,5
LLOO|1100,52428,204|3,4;1,3,5;0,5;0,5
LLOS|113,201,57|4;1,3,5,2,3;0,5;4
LLOS|3208,201,57|1,3;2,5,2;0,5;4
LLST|113,201,27|4;1,3,5,2,3;2;1,5,4
LLST|3208,201,27|1,3;2,5,2;2;1,5,4
LLTJ|142,78,23|1;;2,0,5;1,5,4
LLTJ|275,51,139|2;4,5;3,1,5;4
LLTJ|275,13107,955|2;3,5;3,1,5;1,2,5
LLTJ|1100,52428,3310|3,4;1,3,5;3,5;2,0,5
LLTL|71,204,29|;1,3,5;2,0,5;4,5
LLTL|275,13107,887|2;3,5;1,2,5;3,1,5
LLTL|1100,52428,3293|3,4;1,3,5;2,0,5;3,5
LLTL|3208,204,29|1,3;2,5,3;2,0,5;4,5
LLZO|275,147,51|2;1,5;4,4;1,5
LOIJ|71,887,139|;0,5;3,5;4
LOIJ|113,13169,3001|4;0;3,5;1,2,5,4
LOIJ|142,1774,23|1;;3,5;1,5,4
LOIJ|275,1907,139|2;;2,5;4
LOIJ|550,3814,23|1,2;1,5;3,5;1,5,4
LOIJ|3208,3310,3310|1,3;0,5,1;;2,0,5
LOIL|71,887,887|;0,5;;3,1,5
LOIL|275,29,29|2;1,5;;4,5
LOIL|3208,3310,29|1,3;0,5,1;3,5;4,5
LOJI|71,887,30583|;0,5;4;2,5
LOJI|142,1774,61166|1;;4;3,5
LOLI|3208,3310,61166|1,3;0,5,1;1,4;3,5
LOLO|113,13169,51|4;0;3,5,1,5,2;1,5
LOLO|275,29,51|2;1,5;3,5;1,5
LOLO|1100,71,204|3,4;0,5;1,3,5;0,5
LOLS|113,13169,57|4;0;3,5,1,5,2,3;4
LOLT|275,29,141|2;1,5;1,5;4
LOOJ|802,1006,3310|2,4;1,5;1,5;2,0,5
LOOJ|3208,3259,955|1,3;0,5;0,5;1,2,5
LOOL|113,13169,113|4;0;1,5;1,3,5,2
LOOL|113,52337,113|4;1;0,5;1,3,5,2
LOOL|275,29,3293|2;1,5;1;3,5
LOOL|1100,71,887|3,4;0,5;0,5;3,1,5
LOSL|113,13169,113|4;0;1,2,5;1,3,5,2
LOZL|142,958,142|1;0;1,5,2;4
LSIJ|142,3310,3310|1;1;;2,0,5
LSIJ|275,887,139|2;2,5;3,5;4
LSIJ|550,1774,23|1,2;3,1,5;3,5;1,5,4
LSIL|71,1655,142|;;2,5;4
LSIL|142,3310,29|1;1;3,5;4,5
LSIL|275,887,887|2;2,5;;3,1,5
LSIL|1604,1910,142|3;1,2,4;2,5;4
LSIL|3208,3820,29|1,3;2,5,1;3,5;4,5
LSJI|275,887,30583|2;2,5;4;2,5
LSJI|550,1774,61166|1,2;3,1,5;4;3,5
LSLI|71,1655,30583|;;4;2,5
LSLI|142,3310,61166|1;1;1,4;3,5
LSOL|113,1217,113|4;1,2;0,5;1,3,5,2
LSTT|3208,3307,27|1,3;2,5,3;2,0,5;1,5,4
LTIJ|275,23,23|2;1,5,4;;1,5,4
LTIL|71,1895,142|;4;2,5;4
LTIL|142,3790,29|1;4,1;3,5;4,5
LTIT|142,27,27|1;2;;1,5,4
LTIT|275,1399,141|2;1,5,3;3,5;4
LTIT|550,2798,27|1,2;3,1,5;3,5;1,5,4
LTIT|3208,3818,27|1,3;3,5,4;3,5;1,5,4
LTJL|113,2241,142|4;1,3;2,5,3;4
LTJO|142,46,51|1;;2,5;1,5
LTLJ|113,2241,209|4;1,3;4;2,5,3
LTLJ|142,27,139|1;2;1,5;4
LTLJ|275,2523,955|2;1,5,3,1;3,5;1,2,5
LTLJ|1100,1662,3310|3,4;3,5;1,3,5;2,0,5
LTLL|71,4951,29|;2,0;1,5,3,1,5;4,5
LTLL|275,1495,887|2;1,5,2;3,5;3,1,5
LTLL|1100,1405,3293|3,4;2,0,5;1,3,5;3,5
LTLZ|275,23,201|2;1,5,4;1,5,3;1,4
LTOJ|142,46,3310|1;;1,5;2,0,5
LTSZ|113,2241,147|4;1,3;2;4
LTTI|275,1399,30583|2;1,5,3;4;2,5
LTTI|550,2798,61166|1,2;3,1,5;4;3,5
LTTT|275,23,141|2;1,5,4;1,5,3;4
LTTT|3208,202,27|1,3;3,5,3;2,0,5;1,5,4
LTZL|275,23,887|2;1,5,4;;3,1,5
LTZT|142,27,141|1;2;1,3;4
LZIJ|71,18023,3310|;2;3,5,3,3,5;2,0,5
LZIJ|142,36046,2525|1;4,3,1;2,5;2,5
LZIJ|275,23,23|2;1,5,4;;1,5,4
LZJI|71,18023,30583|;2;2,0,5;2,5
LZJI|142,36046,61166|1;4,3,1;2,5;3,5
LZJT|142,36046,141|1;4,3,1;2,5,0,5;4
LZLO|275,14099,51|2;;3,1,5,2;1,5
LZLZ|142,36046,3534|1;4,3,1;4;2,4
LZLZ|275,23,201|2;1,5,4;1,5,3;1,4
LZLZ|275,14099,147|2;;3,1,5,2,3;4
LZOJ|142,1006,3310|1;;1,5;2,0,5
LZOL|142,36046,142|1;4,3,1;0,5;4
LZTT|142,36046,141|1;4,3,1;2,0,5;4
LZTT|275,23,141|2;1,5,4;1,5,3;4
LZZL|142,43,142|1;2;1,5,3;4
LZZL|142,36046,142|1;4,3,1;3,5;4
LZZL|275,23,887|2;1,5,4;;3,1,5
LZZL|275,14099,887|2;;1,5,2,2;3,1,5
OIIO|51,51,51|0;;;1,5
OIIO|51,17527,204|0;2;3,4,1,5;0,5
OIIO|51,35003,204|0;3;2,5;0,5
OIIO|102,4471,153|;3;2,1,5;
OIIO|102,35054,153|;3,3,5,2,5;3,0,5;
OIIO|204,204,204|1;;;0,5
OIIO|204,4573,51|1;2;3,5;1,5
OIIO|204,8942,51|1;3;3,5;1,5
OIJJ|51,51,139|0;;1,3,5;4
OIJJ|51,35003,139|0;3;4;4
OIJJ|102,4471,23|;3;1,5,4;1,5,4
OIJJ|102,35054,139|;3,3,5,2,5;2,5;4
OIJJ|102,35054,3310|;3,3,5,2,5;4;2,0,5
OIJJ|204,4573,23|1;2;2,5;1,5,4
OIJJ|204,4573,2525|1;2;1,5,4;2,5
OIJL|51,35003,2491|0;3;;1,3,5
OIJL|102,102,887|;;2,5;3,1,5
OIJL|102,4471,887|;3;1,5;3,1,5
OILJ|102,102,3310|;;1,3,5;2,0,5
OILJ|102,35054,3310|;3,3,5,2,5;;2,0,5
OILJ|204,4573,2525|1;2;1,5;2,5
OILL|51,35003,142|0;3;3,5;4
OILL|51,35003,2491|0;3;4;1,3,5
OILL|102,4471,29|;3;1,5,3,5;4,5
OILL|102,4471,887|;3;4,5;3,1,5
OILL|102,35054,142|;3,3,5,2,5;4;4
OILL|204,204,29|1;;2,5;4,5
OILL|204,4573,29|1;2;4,5;4,5
OIOI|51,17527,30583|0;2;0,5;2,5
OIOI|51,35003,48059|0;3;0;2,5
OIOI|102,4471,30583|;3;;2,5
OIOI|102,35054,61166|;3,3,5,2,5;;3,5
OIOI|204,4573,56797|1;2;1;3,5
OIOI|204,8942,61166|1;3;1,5;3,5
OITJ|51,51,139|0;;3,1,5;4
OITL|204,204,29|1;;2,0,5;4,5
OJIJ|51,139,139|0;1,3,5;;4
OJIJ|51,1907,139|0;4;2,5;4
OJIJ|102,887,139|;2,5;3,5;4
OJIJ|102,3814,23|;4;3,5;1,5,4
OJIJ|102,29798,3310|;2,5,2;2,5;2,0,5
OJIJ|204,1774,23|1;2,5;3,5;1,5,4
OJIJ|204,59596,2525|1;1,4;3,5;2,5
OJIL|51,5939,2491|0;;2,5;1,3,5
OJIL|102,887,887|;2,5;;3,1,5
OJIL|102,11878,887|;1;3,5;3,1,5
OJJI|102,887,30583|;2,5;4;2,5
OJJI|204,1774,61166|1;2,5;4;3,5
OJJO|51,139,204|0;1,3,5;3,4,5;0,5
OJJO|51,5939,51|0;;1,5,4;1,5
OJJO|204,46,51|1;3,5;2,5;1,5
OJJO|204,6092,204|1;;1,5,4;0,5
OJJO|204,59596,204|1;1,4;2,5,3;0,5
OJJT|51,139,27|0;1,3,5;;1,5,4
OJOJ|51,139,955|0;1,3,5;0;1,2,5
OJOJ|204,46,3310|1;3,5;1,5;2,0,5
OJOL|51,3191,887|0;1,2,5;0,5;3,1,5
OJOL|204,989,3293|1;2,5,0;1,5;3,5
OLIJ|102,3310,3310|;1,3,5;;2,0,5
OLIJ|102,18278,3310|;;2,5;2,0,5
OLIJ|204,36556,2525|1;1;3,5;2,5
OLIL|51,1655,142|0;3,5;2,5;4
OLIL|51,28979,2491|0;4;2,5;1,3,5
OLIL|102,1910,142|;4;2,5;4
OLIL|102,3310,29|;1,3,5;3,5;4,5
OLIL|102,57958,887|;3,3;3,5;3,1,5
OLIL|204,29,29|1;2,5;;4,5
OLIL|204,3820,29|1;1,4;3,5;4,5
OLLI|51,1655,30583|0;3,5;4;2,5
OLLI|102,3310,61166|;1,3,5;1,4;3,5
OLLO|51,71,204|0;1,2,5;1,3,5;0,5
OLLO|51,28979,51|0;4;1,3,5,2;1,5
OLLO|51,36403,51|0;1;4;1,5
OLLO|204,29,51|1;2,5;3,5;1,5
OLLO|204,36556,204|1;1;4;0,5
OLLT|204,29,141|1;2,5;1,5;4
OLOJ|51,3259,955|0;3,5,1;0,5;1,2,5
OLOJ|204,1006,3310|1;3,5;1,5;2,0,5
OLOL|51,71,887|0;1,2,5;0,5;3,1,5
OLOL|204,29,3293|1;2,5;1;3,5
OOII|51,13107,30583|0;0;2,5;2,5
OOII|51,13107,48059|0;0;3,5;2,5
OOII|102,26214,30583|;;3,5;2,5
OOII|204,52428,56797|1;1;2,5;3,5
OOII|204,52428,61166|1;1;3,5;3,5
OOJJ|51,13107,955|0;0;1,3,5;1,2,5
OOJJ|204,52428,3310|1;1;3,5;2,0,5
OOJL|51,13107,887|0;0;1,2,5;3,1,5
OOJL|204,52428,3293|1;1;2,5,0,5;3,5
OOLJ|51,13107,955|0;0;3,5,1,5;1,2,5
OOLJ|204,52428,3310|1;1;3,5;2,0,5
OOLL|51,13107,887|0;0;1,2,5;3,1,5
OOLL|204,52428,3293|1;1;2,5;3,5
OOOO|51,13107,51|0;0;1,5;1,5
OOOO|204,52428,204|1;1;0,5;0,5
OOTJ|51,13107,955|0;0;3,1,5;1,2,5
OOTJ|204,52428,3310|1;1;3,5;2,0,5
OOTL|51,13107,887|0;0;1,2,5;3,1,5
OOTL|204,52428,3293|1;1;2,0,5;3,5
OSLL|204,30,142|1;2;1,5;4
OTIJ|51,139,139|0;3,1,5;;4
OTIL|204,29,29|1;2,0,5;;4,5
OTJO|51,139,204|0;3,1,5;3,4,5;0,5
OTJO|204,46,51|1;3,5;2,5;1,5
OTJT|51,139,27|0;3,1,5;;1,5,4
OTLO|51,71,204|0;1,2,5;1,3,5;0,5
OTLO|204,29,51|1;2,0,5;3,5;1,5
OTLT|204,29,141|1;2,0,5;1,5;4
OTOJ|51,139,955|0;3,1,5;0;1,2,5
OTOJ|204,46,3310|1;3,5;1,5;2,0,5
OTOL|51,71,887|0;1,2,5;0,5;3,1,5
OTOL|204,29,3293|1;2,0,5;1;3,5
OZJJ|51,135,23|0;1,5,3;;1,5,4
SIJL|1224,5593,3545|1,3;2,5;1,5,4;3,5,4
SILJ|99,35051,139|;3;4;4
SILJ|198,4567,23|1;3;4,5;1,5,4
SILJ|1224,5593,23|1,3;2,5;3,5,4;1,5,4
SILL|306,35258,142|2;3,5;3,1,5;4
SILL|612,4981,29|3;3,5;1,5,3,1,5;4,5
SITJ|198,198,23|1;;2,0,5;1,5,4
SITL|99,35051,2491|;3;2;1,3,5
SITL|198,4567,887|1;3;1,5,2;3,1,5
SJIL|1224,60616,3545|1,3;4;3,5;3,5,4
SJJO|99,3811,51|;4;2,5;1,5
SJJO|99,12659,51|;2;1,3,5,3;1,5
SJSJ|1224,77,23|1,3;2,5,0,5,3;2;1,5,4
SLIJ|99,1907,139|;4;2,5;4
SLIJ|198,3814,23|1;1,4;3,5;1,5,4
SLIJ|1224,1774,23|1,3;2,5,1;3,5;1,5,4
SLIL|306,1910,142|2;1,5,3,5;2,5;4
SLIL|612,3820,29|3;3,1,5;3,5;4,5
SLJI|1224,1774,61166|1,3;2,5,1;4;3,5
SLTT|99,3307,27|;1,3,5;2,0,5;1,5,4
SOLL|306,30,142|2;1,5;1,5;4
SOTL|198,54,142|1;0,5;3,1,5;4
SSJL|198,102,887|1;;2,5;3,1,5
SSLJ|198,102,3310|1;;1,3,5;2,0,5
STIJ|198,23,23|1;2,0,5;;1,5,4
STIL|99,4979,2491|;2;3,5;1,3,5
STIL|198,9958,887|1;2;3,5;3,1,5
STLT|99,4979,27|;2;1,5,3,1,5;1,5,4
STLZ|198,23,201|1;2,0,5;1,5,3;1,4
STTJ|1224,78,23|1,3;2,0,5,3;2,0,5;1,5,4
STTT|198,23,141|1;2,0,5;1,5,3;4
STTZ|99,4979,147|;2;1,5,3,1,5;4
STTZ|99,36067,147|;1,3;2,0,5;4
STZL|198,23,887|1;2,0,5;;3,1,5
SZTJ|1224,78,23|1,3;3,5,3;2,0,5;1,5,4
SZTL|198,39,142|1;3,5;3,1,5;4
TIIJ|562,18038,3310|2,4;2,5;3,3,5,3,5;2,0,5
TIIJ|562,35514,3310|2,4;3,5;2,5;2,0,5
TIIJ|1124,5493,2525|3;3,5;2,5;2,5
TIIJ|1124,36076,2525|3;3,5,3,3,5;2,5;2,5
TIIJ|2248,6617,955|1,3;2,5;3,5;1,2,5
TIIJ|2248,10986,955|1,3;3,5;3,5;1,2,5
TIIL|305,17781,3293|2;2,5;2,5;3,5
TIIL|305,35257,3293|2;3,5;2,5;3,5
TIIL|610,4979,2491|1,2;3,5;3,5;1,3,5
TIIL|610,35562,2491|1,2;3,5,3,2,5;3,5;1,3,5
TIIL|1220,5589,887|3,4;2,5;3,5;3,1,5
TIIL|1220,9958,887|3,4;3,5;3,5;3,1,5
TIJL|39,2186,142|;3;4;4
TIJL|78,277,29|1;3;1,5,4;4,5
TIJL|114,2186,142|4;3;4;4
TIJL|228,277,29|1,4;3;1,5,4;4,5
TIJT|1124,36076,141|3;3,5,3,3,5;2,0,5;4
TIJT|2248,2248,141|1,3;;2,5,0,3;4
TIJT|2248,6617,27|1,3;2,5;2,5;1,5,4
TILJ|39,2186,139|;3;4;4
TILJ|78,277,23|1;3;4,5;1,5,4
TILJ|114,2186,139|4;3;4;4
TILJ|228,277,23|1,4;3;4,5;1,5,4
TILT|305,305,27|2;;1,5,3,5,1,2;1,5,4
TILT|305,35257,141|2;3,5;3,1,5;4
TILT|610,4979,27|1,2;3,5;1,5,3,1,5;1,5,4
TIOJ|2248,2248,139|1,3;;0,5;4
TIOL|305,305,29|2;;1,5;4,5
TISJ|305,305,23|2;;2,5,2;1,5,4
TISJ|2248,2248,232|1,3;;4;2,5,3
TISL|2248,6617,3545|1,3;2,5;1,5,4;3,5,4
TITJ|39,2186,3310|;3;3;2,0,5
TITJ|78,78,23|1;;2,0,5;1,5,4
TITJ|78,277,2525|1;3;1,5,3;2,5
TITJ|114,2186,3310|4;3;3;2,0,5
TITJ|228,277,2525|1,4;3;1,5,3;2,5
TITJ|305,305,23|2;;1,5,3,1,5,2;1,5,4
TITJ|305,35257,3001|2;3,5;4;1,2,5,4
TITJ|2248,2248,232|1,3;;4;2,5,3
TITL|39,39,142|;;3,1,5;4
TITL|39,2186,2491|;3;2;1,3,5
TITL|78,277,887|1;3;1,5,2;3,1,5
TITL|114,2186,2491|4;3;2;1,3,5
TITL|228,277,887|1,4;3;1,5,2;3,1,5
TITL|305,305,113|2;;1,5,4;1,3,5,2
TITL|2248,2248,142|1,3;;2,0,5,3;4
TITL|2248,6617,3545|1,3;2,5;1,5,4;3,5,4
TITO|305,305,153|2;;1,5,3,1,5;
TITO|2248,2248,153|1,3;;2,0,5;
TITS|1124,36076,156|3;3,5,3,3,5;2,0,5;1,5,4
TITS|2248,6617,57|1,3;2,5;2,5;4
TITZ|305,35257,201|2;3,5;3,1,5;1,4
TITZ|610,4979,147|1,2;3,5;1,5,3,1,5;4
TIZJ|305,35257,3001|2;3,5;4;1,2,5,4
TIZL|305,305,113|2;;4;1,3,5,2
TIZL|2248,2248,142|1,3;;3,5,3;4
TJIL|39,1895,142|;4;2,5;4
TJIL|78,3790,29|1;4;3,5;4,5
TJIT|305,1399,141|2;1,5,2,5,4;3,5;4
TJIT|1124,1909,141|3;2,0,5;2,5;4
TJIT|2248,141,141|1,3;2,5,0,3;;4
TJIT|2248,3818,27|1,3;2,5;3,5;1,5,4
TJJJ|562,2750,3310|2,4;1,3,5;1,2,5;2,0,5
TJJJ|2248,2795,955|1,3;3,5;2,5;1,2,5
TJJL|305,177,113|2;1,5,4;4;1,3,5,2
TJJL|305,2493,3293|2;1,5,3,5;1,2,5;3,5
TJJL|1220,1767,887|3,4;3,5;2,5;3,1,5
TJJL|2248,141,29|1,3;2,5,0,3;;4,5
TJJO|114,226,51|4;4;2,5;1,5
TJLJ|2248,456,232|1,3;;4,5;2,5,3
TJLS|39,12599,2871|;2;1,2,5,3;3,4
TJLZ|78,5966,3534|1;;1,5,3,5;2,4
TJST|2248,141,27|1,3;2,5,0,3;2;1,5,4
TJTI|39,12599,30583|;2;1,2,5,4;2,5
TJTI|305,1399,30583|2;1,5,2,5,4;4;2,5
TJTL|39,12599,887|;2;1,2,5,2;3,1,5
TJTS|39,12599,57|;2;3,1,5;4
TJTT|78,53,141|1;2,0,5;3,1,5;4
TJTT|228,53,141|1,4;2,5;3,1,5;4
TJZL|39,12599,887|;2;1,5,3,5,2;3,1,5
TJZS|2248,456,57|1,3;;2,4;4
TLIJ|39,1847,139|;4;2,5;4
TLIJ|78,3694,23|1;1,4;3,5;1,5,4
TLIT|305,27,27|2;1,5,3,5,1,2;;1,5,4
TLIT|305,1909,141|2;1,5,3,5;2,5;4
TLIT|610,3818,27|1,2;3,1,5;3,5;1,5,4
TLIT|2248,2798,27|1,3;2,5,1;3,5;1,5,4
TLJL|305,2097,113|2;1,5;4;1,3,5,2
TLJS|39,36391,2871|;1;2,5;3,4
TLJZ|78,51406,3534|1;1,3;3,5,2;2,4
TLLJ|305,27,139|2;1,5,3,5,1,2;1,5;4
TLLJ|562,1662,3310|2,4;1,2,5;1,3,5;2,0,5
TLLJ|2248,216,232|1,3;4;4;2,5,3
TLLJ|2248,2523,955|1,3;2,5;3,5;1,2,5
TLLL|305,1405,3293|2;1,5,2,5;1,3,5;3,5
TLLL|1220,1495,887|3,4;2,5;3,5;3,1,5
TLLO|228,116,204|1,4;4;1,3,5;0,5
TLSJ|78,51406,3310|1;1,3;2,5,3;2,0,5
TLSZ|305,2097,201|2;1,5;4,2;1,4
TLTI|78,51406,61166|1;1,3;3,5,4;3,5
TLTI|2248,2798,61166|1,3;2,5,1;4;3,5
TLTJ|78,51406,3310|1;1,3;3,5,3;2,0,5
TLTT|39,202,27|;3,1,5;2,0,5;1,5,4
TLTT|114,202,27|4;1,3,5;2,0,5;1,5,4
TLTZ|78,51406,201|1;1,3;2,0,5;1,4
TLZT|305,27,141|2;1,5,3,5,1,2;1,3;4
TOIJ|2248,139,139|1,3;0,5;;4
TOIL|305,29,29|2;1,5;;4,5
TOJO|562,46,51|2,4;1,5;2,5;1,5
TOJO|2248,139,204|1,3;0,5;3,4,5;0,5
TOJT|2248,139,27|1,3;0,5;;1,5,4
TOLO|305,29,51|2;1,5;3,5;1,5
TOLO|1220,71,204|3,4;0,5;1,3,5;0,5
TOLT|305,29,141|2;1,5;1,5;4
TOOJ|562,46,3310|2,4;1,5;1,5;2,0,5
TOOJ|2248,139,955|1,3;0,5;0;1,2,5
TOOL|305,29,3293|2;1,5;1;3,5
TOOL|1220,71,887|3,4;0,5;0,5;3,1,5
TOTJ|39,3303,23|;1,5;2,0,5;1,5,4
TOTL|78,894,142|1;0,5;3,1,5;4
TSIJ|305,23,23|2;2,5,2;;1,5,4
TSIJ|2248,232,232|1,3;4;;2,5,3
TSJS|2248,232,57|1,3;4;2,5,3,2;4
TSLJ|78,1662,3310|1;;1,3,5;2,0,5
TSLZ|305,23,201|2;2,5,2;1,5,3;1,4
TSTJ|39,78,23|;3,1,5;2,0,5;1,5,4
TSTT|305,23,141|2;2,5,2;1,5,3;4
TSZL|305,23,887|2;2,5,2;;3,1,5
TTIJ|39,18023,3310|;3;3,5,3,3,5;2,0,5
TTIJ|78,23,23|1;2,0,5;;1,5,4
TTIJ|78,36046,2525|1;1,3;2,5;2,5
TTIJ|305,23,23|2;1,5,3,1,5,2;;1,5,4
TTIJ|305,29489,3001|2;4;2,5;1,2,5,4
TTIJ|2248,232,232|1,3;4;;2,5,3
TTIL|39,142,142|;3,1,5;;4
TTIL|39,4919,2491|;2;3,5;1,3,5
TTIL|78,9838,887|1;2;3,5;3,1,5
TTIL|305,113,113|2;1,5,4;;1,3,5,2
TTIL|2248,142,142|1,3;2,0,5,3;;4
TTIO|305,153,153|2;1,5,3,1,5;;
TTIO|2248,153,153|1,3;2,0,5;;
TTIS|1124,6004,156|3;2,0,5;2,5;1,5,4
TTIS|2248,12008,57|1,3;2;3,5;4
TTIZ|305,18289,201|2;1,5,3;2,5;1,4
TTIZ|610,36578,147|1,2;3,1,5;3,5;4
TTJI|39,18023,30583|;3;2,0,5;2,5
TTJI|78,36046,61166|1;1,3;2,5;3,5
TTJJ|562,170,955|2,4;3,1,5;2,5;1,2,5
TTJJ|562,170,3310|2,4;3,1,5;1,2,5;2,0,5
TTJJ|2248,170,955|1,3;3,5;2,5;1,2,5
TTJJ|2248,170,3310|1,3;3,5;1,2,5;2,0,5
TTJL|39,3687,887|;4;2,5;3,1,5
TTJL|305,153,3293|2;1,5,3,1,5;1,2,5;3,5
TTJL|562,102,887|2,4;1,2,5;2,5;3,1,5
TTJL|1220,102,887|3,4;3,5;2,5;3,1,5
TTJL|2248,153,3293|1,3;2,0,5;1,2,5;3,5
TTJS|39,142,57|;3,1,5;2;4
TTJS|39,4919,2871|;2;1,5,4;3,4
TTJS|2248,142,57|1,3;2,0,5,3;2;4
TTJS|2248,232,57|1,3;4;2,5,3,2;4
TTJT|78,36046,141|1;1,3;2,5,0,5;4
TTLI|39,4919,30583|;2;1,5,3,5;2,5
TTLI|78,9838,61166|1;2;3,1,5;3,5
TTLJ|78,1902,3310|1;4;1,3,5;2,0,5
TTLJ|305,153,955|2;1,5,3,1,5;3,5;1,2,5
TTLJ|562,102,3310|2,4;1,2,5;1,3,5;2,0,5
TTLJ|1220,102,3310|3,4;3,5;1,3,5;2,0,5
TTLJ|2248,153,955|1,3;2,0,5;3,5;1,2,5
TTLL|305,85,887|2;1,5,2,5;3,5;3,1,5
TTLL|305,85,3293|2;1,5,2,5;1,3,5;3,5
TTLL|1220,85,887|3,4;2,0,5;3,5;3,1,5
TTLL|1220,85,3293|3,4;2,0,5;1,3,5;3,5
TTLT|39,4919,27|;2;1,5,3,5,1,5;1,5,4
TTLZ|78,23,201|1;2,0,5;1,5,3;1,4
TTLZ|78,36046,3534|1;1,3;4;2,4
TTLZ|305,23,201|2;1,5,3,1,5,2;1,5,3;1,4
TTLZ|305,113,201|2;1,5,4;1,3,5,2,3;1,4
TTOJ|39,4919,23|;2;1,5;1,5,4
TTOL|78,36046,142|1;1,3;0,5;4
TTSJ|39,142,3310|;3,1,5;1;2,0,5
TTSJ|39,4919,23|;2;1,5,2,5;1,5,4
TTSJ|2248,142,3310|1,3;2,0,5,3;1;2,0,5
TTSZ|305,153,201|2;1,5,3,1,5;4;1,4
TTSZ|2248,153,201|1,3;2,0,5;4;1,4
TTTS|228,308,156|1,4;2;1,5,3,1,5;1,5,4
TTTT|39,142,27|;3,1,5;2;1,5,4
TTTT|39,4919,27|;2;1,5,3,1,5;1,5,4
TTTT|78,23,141|1;2,0,5;1,5,3;4
TTTT|78,36046,141|1;1,3;2,0,5;4
TTTT|305,23,141|2;1,5,3,1,5,2;1,5,3;4
TTTT|2248,142,27|1,3;2,0,5,3;2;1,5,4
TTTZ|114,2242,147|4;1,3;2,0,5;4
TTZL|78,23,887|1;2,0,5;;3,1,5
TTZL|78,36046,142|1;1,3;3,5;4
TTZL|305,23,887|2;1,5,3,1,5,2;;3,1,5
TTZS|305,153,57|2;1,5,3,1,5;4;4
TTZS|2248,153,57|1,3;2,0,5;4;4
TZIJ|305,14129,3001|2;;2,5;1,2,5,4
TZIL|305,113,113|2;4;;1,3,5,2
TZIL|2248,142,142|1,3;3,5,3;;4
TZJL|39,1767,887|;4;2,5;3,1,5
TZJS|2248,142,57|1,3;3,5,3;2;4
TZLZ|305,113,201|2;4;1,3,5,2,3;1,4
TZSJ|2248,142,3310|1,3;3,5,3;1;2,0,5
TZTL|78,39,142|1;3,5;3,1,5;4
TZTT|2248,142,27|1,3;3,5,3;2;1,5,4
ZIJJ|1122,36074,139|3;3,5,3,3,5;2,0,5;4
ZIJJ|2244,6613,23|1,3;2,5;2,5;1,5,4
ZIJL|54,35006,142|;3;4;4
ZIJL|108,4477,29|1;3;1,5,4;4,5
ZIJL|561,35513,142|2;3,5;3,4,5,4;4
ZILJ|561,35513,3001|2;3,5;4;1,2,5,4
ZITJ|54,35006,3310|;3;3;2,0,5
ZITJ|108,4477,2525|1;3;1,5,3;2,5
ZITL|54,54,142|;;3,1,5;4
ZJIJ|1122,1907,139|3;2,0,5;2,5;4
ZJIJ|2244,3814,23|1,3;2,5;3,5;1,5,4
ZJIL|54,1910,142|;4;2,5;4
ZJIL|108,3820,29|1;4;3,5;4,5
ZJIL|561,1655,142|2;1,2,5,4;2,5;4
ZJLI|561,1655,30583|2;1,2,5,4;4;2,5
ZJTT|108,893,141|1;2,5;3,1,5;4
ZLIJ|561,29489,3001|2;4;2,5;1,2,5,4
ZLLO|108,1916,204|1;4;1,3,5;0,5
ZLLO|108,51436,204|1;1,3;2,5,2;0,5
ZLZL|561,43,142|2;3,5,1,5,2;1,5,3;4
ZOJJ|2244,135,23|1,3;0,5;;1,5,4
ZOTJ|54,198,23|;1,5;2,0,5;1,5,4
ZSTJ|54,78,23|;3,1,5;2,0,5;1,5,4
ZSTL|561,39,142|2;1,2,5,2;3,1,5;4
ZTIJ|54,18038,3310|;3;3,3,5,3,5;2,0,5
ZTIJ|108,36076,2525|1;1,3;2,5;2,5
ZTIL|54,142,142|;3,1,5;;4
ZTJS|54,142,57|;3,1,5;2;4
ZTJT|108,36076,141|1;1,3;2,0,5;4
ZTSJ|54,142,3310|;3,1,5;1;2,0,5
ZTTL|561,39,142|2;3,1,5,2;3,1,5;4
ZTTS|108,4988,156|1;2;1,5,3,1,5;1,5,4
ZTTS|108,36076,156|1;1,3;2,0,5;1,5,4
ZTTT|54,142,27|;3,1,5;2;1,5,4
ZZJL|54,102,887|;4;2,5;3,1,5
ZZLJ|54,102,3310|;4;1,3,5;2,0,5
